29042
51362
15481
15630
36481
18406
241280
230940
17520
17700
50
58610
2400
1200
35450
215470
216250
65800
221040
212480
61700
30
4920
208090
360
227100
222480
17710
70000
63500
104900
63200
243800
63000
209160
39000
61730
223710
224260
247730
200110
63970
214360
45500
55100
55110
6510
214630
244630
42160
209610
204080
201070
212410
91310
34432
16223
36025
29197
324850
570
440
44350
221100
1250
4000
219640
252490
204300
240
550
10
80
10180
202970
201270
115300
500
70
282800
42700
300
40
60
20
320
21970
255220
2100